48.84428
65.0641
52.14582
42.63509
62.8668
42.94132
48.19544
43.22409
70.92815
50.58341
50.03475
55.69049
31.01357
44.78254
29.52701
70.41687
59.77774
43.5364
51.9245
19.96571
47.7959
56.44684
27.30104
35.78587
21.18868
39.86132
38.12347
55.5636
41.78061
41.93882
24.26252
23.86362
37.01614
34.30428
53.67717
51.99035
42.26731
50.76699
47.5208
53.90873
33.42234
51.01826
36.7995
59.65487
32.21057
39.03856
66.93636
26.37092
16.17084
50.95682
63.15004
10.10587
66.57997
26.87261
37.03112
62.32977
15.82482
-7.911394
55.97994
31.34007
25.12312
39.24747
17.86189
45.46241
45.25405
44.46487
43.91759
37.4791
37.04134
47.12727
52.65112
26.53345
49.37475
30.92638
21.43844
50.31777
49.5188
54.70176
20.73704
29.17332
34.63759
40.42354
26.15672
45.99677
48.67167
42.84205
33.18459
43.53326
27.3525
60.62745
38.95679
44.92868
45.75533
60.54185
39.24172
43.73234
12.90512
39.36048
46.10991
63.16081
37.91716
40.22715
42.76173
54.18348
38.73552
19.70294
45.51079
45.49669
27.4515
24.69591
46.19872
41.38173
37.87068
27.43261
32.02258
33.9315
54.49571
27.71096
56.06283
34.23144
41.24827
35.38924
54.97045
29.14019
27.86427
26.71464
35.59177
64.26586
33.33547
40.90719
47.17333
47.91256
29.85212
64.51922
32.69850
43.62444
46.59022
59.99458
48.37323
60.58616
38.2839
61.28925
61.53486
44.49496
39.11238
68.64183
30.92576
35.00005
40.85753
54.86565
42.68073
42.66581
29.08208
68.07916
61.96736
35.44303
21.42331
35.25981
60.44774
46.50217
62.16222
45.03822
41.94235
42.28968
63.6616
47.67988
48.58773
49.66804
55.51899
49.90942
43.21302
58.94492
5.958109
40.92229
37.58902
22.85574
53.02378
45.78662
22.12955
40.24218
51.99383
45.6497
51.50501
32.48108
33.20698
47.89447
35.0107
37.88878
44.21905
41.09927
41.39775
61.94249
30.99346
34.91967
16.9043
35.78016
50.53572
24.16752
30.66304
64.9781
37.04233
42.46917
51.28817
65.47787
34.07912
45.45644
49.59853
16.02794
45.91868
57.57241
43.13175
27.2466
46.56582
23.48291
23.97106
44.01697
69.28132
49.32029
22.08846
53.71979
51.65929
41.31884
53.16721
47.39788
22.58015
42.50276
69.23436
42.44424
48.02136
31.74952
36.23967
22.73374
34.55804
57.91899
33.8341
13.54248
57.58854
33.29848
25.67043
43.71518
45.42313
50.56227
38.10013
54.21387
36.19228
40.00169
33.06616
51.92294
42.26726
35.83908
69.94382
38.63626
32.91860
38.13894
25.56405
45.68758
43.34593
41.21444
42.95834
57.51015
13.14745
20.01460
47.24861
32.02962
39.67362
50.84399
41.60599
73.44252
28.78746
18.01165
22.54620
48.41396
38.06595
40.71952
48.40611
5.53806
-0.004715596
16.77450
46.11289
40.10346
46.91343
53.98427
22.58839
37.19781
56.65175
33.84247
27.6062
26.27046
45.10535
49.85834
55.38269
18.55858
42.32333
26.58496
38.67763
56.08394
48.96662
22.78004
64.3899
31.65199
35.77089
12.93900
68.0718
52.88535
51.74031
59.98587
41.6178
29.06042
38.06706
41.18746
26.36203
50.19691
36.66075
32.51604
54.93058
26.09153
55.03054
39.77457
37.43761
42.48854
54.4561
54.94743
37.26117
48.00791
14.41620
29.78538
28.09647
60.0347
51.48545
31.62328
77.06273
34.80419
25.62756
33.40268
40.95138
35.45307
19.64690
63.44458
37.25051
34.76881
60.91098
31.56105
50.21403
42.84376
44.35975
27.71815
27.83765
38.10481
32.79141
55.8789
39.42271
39.92200
40.99353
32.05394
36.23211
44.91295
37.76708
36.05432
33.86286
44.7776
48.60598
34.26159
39.30309
14.24725
18.29000
29.69458
38.64865
31.86249
30.63258
38.35157
32.52191
19.59205
52.99495
50.52699
65.48579
26.50541
46.83649
51.00628
54.68796
47.22819
50.56722
49.7293
49.82606
53.67063
22.639
44.29643
42.66866
54.50397
49.85277
46.24454
49.95668
28.67959
55.73599
65.78927
33.42708
27.85786
53.45401
46.39781
50.55358
47.78156
-10.15373
39.28234
57.00898
49.87548
53.017
60.95634
49.13291
35.98684
58.81396
39.54619
54.32393
36.50412
14.20938
53.90196
28.02415
21.51458
58.18216
50.30558
19.55119
53.18948
50.11669
44.75087
49.21565
22.5915
47.76135
50.13762
39.50763
22.38255
27.60366
50.69529
26.80662
39.30555
36.01294
40.79374
39.39899
39.39842
55.16753
44.34026
27.22195
56.00929
57.47905
35.73625
48.27967
39.4899
53.42563
35.71543
29.72864
74.0987
30.14070
41.00369
32.44078
45.94204
28.36322
34.13994
36.82942
32.60554
35.95622
70.06618
49.46783
38.50408
39.94131
24.03676
50.00256
44.12324
59.00003
43.1656
20.46216
34.50717
39.0017
35.52432
39.97672
46.85965
29.43526
65.51156
73.08945
40.42804
37.66122
21.41500
21.02497
60.37268
53.38974
77.31478
58.35999
34.03838
29.95556
47.39704
57.10344
53.42557
55.15927
49.94193
28.13898
62.82026
35.30153
39.54946
63.06317
25.83108
33.83563
43.14785
42.33773
38.14688
53.58631
35.15511
35.09654
44.31239
21.23448
39.28698
53.70544
22.7095
26.94699
43.2344
42.94469
43.09769
35.78221
50.01157
23.12633
23.20888
27.24163
59.38895
30.67847
39.30981
23.13645
33.07424
32.07435
52.54669
43.89130
16.14770
56.34156
74.9909
46.97542
33.08017
36.09551
40.76308
29.13711
38.71162
32.05657
45.11029
25.22631
49.33778
48.88986
49.37262
42.37334
48.667
55.78359
37.65665
72.95116
29.74965
58.12266
31.26847
36.63477
48.79288
51.99518
35.35945
33.72839
25.65770
66.07228
44.27616
19.58637
50.87796
37.57840
52.80796
56.59877
52.87593
53.96307
44.53489
48.12837
51.91866
43.8213
50.02482
52.73998
50.85789
45.64153
23.17284
35.34314
52.42649
52.67521
32.79955
43.23605
43.53232
37.90052
37.44605
34.01583
32.86933
56.76309
45.51404
56.11843
19.0718
74.75604
49.35554
18.40857
56.23436
39.21874
49.64654
34.81805
43.53878
22.64499
68.91014
43.77264
38.97347
49.3338
26.38666
5.475442
52.35615
39.22355
32.7936
34.61794
35.06644
43.33005
65.15672
19.50261
62.29443
27.23481
64.2161
46.3624
51.41179
29.69815
48.44638
54.27338
42.78653
57.56552
52.47166
60.81863
57.83412
29.28061
34.033
30.79105
46.52205
47.00767
21.37285
43.38941
57.96339
47.38594
53.83305
49.33909
46.35073
58.73998
34.05132
35.20976
46.65006
38.65911
35.52085
52.28759
45.0212
39.54501
56.32172
58.26379
20.83195
37.4734
40.35823
24.99784
29.87732
38.19075
41.20832
40.8043
18.31101
74.26791
29.34066
23.026
57.64269
38.78677
34.12166
54.40681
54.27887
53.22109
52.68977
43.11098
30.12051
20.39153
29.86190
62.31065
50.69612
46.33653
38.3337
22.58336
20.44088
42.36042
58.77119
38.40294
39.34823
46.66665
67.92178
30.92383
45.99375
33.04404
72.10752
27.17602
72.15237
49.89784
43.44139
23.71033
59.36417
27.13620
41.24955
33.76544
47.88951
24.04928
45.88457
51.07402
31.27136
33.8005
61.34939
29.24067
49.74988
40.0949
24.59415
37.54743
47.93215
42.81668
44.68523
40.43513
65.97484
44.19016
38.72872
42.17069
49.59932
38.20509
34.83290
52.64091
41.72047
48.88112
61.52082
48.56651
34.91148
43.96771
31.27549
78.22633
44.25757
65.56089
46.27474
42.38735
32.38978
50.16035
40.63725
4.625127
24.10331
61.02331
54.68424
36.82212
42.18301
50.38976
65.67485
39.89912
52.26485
31.9572
49.66572
48.92441
51.72011
49.19887
29.0665
17.96907
55.36093
28.75451
17.79307
39.90065
53.16501
33.26915
32.39625
56.22744
52.24699
34.01527
38.59118
38.04433
30.17298
48.87247
22.77897
33.02926
49.05113
45.30132
43.39309
38.81062
53.26776
15.01268
40.95283
17.19808
27.69206
55.90826
43.38724
56.53344
32.44425
33.86012
40.85791
28.94413
51.8771
47.44266
70.37327
40.69615
47.7649
45.60711
55.89009
43.28062
17.52137
47.38936
27.15925
39.02803
44.03277
40.77909
28.59181
51.35423
51.65168
32.66012
29.49882
14.46293
43.14647
24.70444
27.80548
42.52274
48.87924
60.44165
49.53283
33.10932
42.55855
35.51296
28.50278
47.03544
61.20939
38.96449
35.98992
32.53183
65.8841
55.23765
43.83816
56.01506
22.28213
42.5662
33.20056
56.12544
35.82347
35.38942
37.53645
56.15488
12.66679
36.46929
53.87299
33.61701
36.69395
53.48981
44.39351
34.16751
45.6071
60.03666
21.19122
41.00886
47.78656
33.39694
36.46786
40.17752
22.36679
34.98433
55.54948
54.46741
34.90672
14.54802
24.97884
48.24493
30.17825
51.83343
29.81971
50.53276
34.29881
65.8368
21.55373
33.82742
42.41456
27.19162
51.92847
20.49019
37.75858
37.79636
33.37395
47.72276
13.43122
49.20019
17.8439
62.16464
45.96741
41.42976
22.64524
21.44982
35.50514
39.83386
40.28716
41.66097
27.44110
67.91208
59.1384
54.8057
39.21623
40.9719
38.82498
49.13261
41.44865
71.65064
35.37899
63.90728
52.80914
45.76541
27.26971
44.26023
22.70563
54.17223
38.05222
36.46679
83.19925
52.40223
43.69042
41.10887
39.14274
32.84749
40.5146
37.00265
39.96464
52.85784
52.28115
43.78665
11.10959
63.28323
54.62151
47.44585
60.81341
30.61131
45.64446
33.71463
44.01577
16.33995
53.04239
44.60151
63.25054
63.15305
35.10833
46.56046
24.97894
49.3288
38.89204
31.91899
49.21758
44.53431
41.23943
46.09817
61.43496
48.40133
46.12884
41.65671
46.01199
25.05568
41.11496
57.45225
31.58668
45.7157
52.06512
24.87530
46.96153
40.3197
37.53483
37.16804
39.9306
39.68645
68.03494
30.63171
33.23234
60.26972
62.493
31.2774
56.15298
31.93402
24.10197
60.20266
37.71395
69.15042
39.86828
31.20207
46.87517
38.396
56.7191
38.73933
36.19125
66.557
46.00528
28.86758
44.39371
42.55325
27.10865
23.68258
4.283053
31.77443
42.12184
50.08422
44.58671
34.06189
28.57757
60.61301
38.48963
43.52526
35.59878
35.34458
52.50214
34.16622
38.93543
47.56533
29.46429
51.07766
38.65766